1	8950222
2	10290572
3	49171908
4	11692376
5	4945471
6	10662546
7	8923837
8	2166275
9	568827
10	823241
11	331132
12	381972
13	363834
14	365765
15	250779
16	407100
17	173586
18	247149
19	420722
20	252513
21	112750
22	119137
23	97007
24	156166
25	82543
26	106189
27	70248
28	90221
29	56580
30	138070
31	47852
32	67086
33	38039
34	46477
35	31008
36	45170
37	26614
38	36522
39	29463
40	60885
41	20510
42	32421
43	19032
44	26122
45	23132
46	24074
47	20826
48	33202
49	20324
50	29329
51	18002
52	18081
53	9882
54	17831
55	9930
56	16907
57	9846
58	13293
59	15846
60	19971
61	8012
62	8953
63	10018
64	20927
65	15332
66	10732
67	10477
68	9096
69	6072
70	11402
71	6542
72	10396
73	4741
74	8730
75	6010
76	6577
77	4783
78	7723
79	7345
80	10369
81	5020
82	5644
83	4000
84	6925
85	4292
86	4773
87	4263
88	6690
89	3904
90	7573
91	3717
92	5243
93	3748
94	4172
95	3562
96	5938
97	3485
98	5420
99	3877
100	5677
101	10511
102	4674
103	2901
104	4393
105	3443
106	3560
107	2750
108	4165
109	2869
110	4300
111	2950
112	3513
113	2472
114	3435
115	2615
116	2848
117	2896
118	3037
119	2326
120	4500
121	2311
122	2980
123	2410
124	2706
125	2306
126	2731
127	2187
128	3014
129	2369
130	3003
131	1966
132	2688
133	1958
134	2082
135	11052
136	19323
137	55209
138	102063
139	21947
140	11456
141	1984
142	1804
143	1734
144	2553
145	1732
146	1847
147	1767
148	2011
149	1628
150	2430
151	1525
152	1901
153	1649
154	1981
155	1589
156	1936
157	1574
158	1772
159	1625
160	2194
161	3058
162	4857
163	5632
164	12938
165	85442
166	152650
167	24447
168	54393
169	61618
170	116095
171	67577
172	76984
173	160998
174	151910
175	155375
176	111136
177	206524
178	108468
179	23571
180	166412
181	440646
182	282056
183	60975
184	3020
185	1128
186	1329
187	1122
188	1264
189	1181
190	1334
191	1041
192	1515
193	989
194	1067
195	1174
196	1138
197	987
198	1232
199	1011
200	1269
201	1106
202	983
203	897
204	1251
205	911
206	916
207	1031
208	1063
209	908
210	1312
211	820
212	847
213	892
214	866
215	811
216	1021
217	747
218	844
219	875
220	876
221	766
222	891
223	682
224	899
225	874
226	741
227	768
228	931
229	718
230	841
231	779
232	786
233	657
234	869
235	620
236	713
237	739
238	759
239	638
240	1046
241	593
242	671
243	731
244	752
245	617
246	675
247	625
248	674
249	657
250	696
251	572
252	939
253	583
254	594
255	633
256	629
257	559
258	727
259	538
260	680
261	618
262	507
263	539
264	687
265	499
266	580
267	567
268	521
269	467
270	691
271	1227
272	529
273	523
274	512
275	481
276	521
277	507
278	465
279	509
280	691
281	437
282	523
283	402
284	436
285	468
286	474
287	446
288	554
289	392
290	458
291	490
292	412
293	369
294	507
295	403
296	384
297	444
298	403
299	361
300	533
301	500
302	379
303	398
304	410
305	375
306	392
307	375
308	436
309	547
310	382
311	328
312	486
313	336
314	370
315	405
316	360
317	334
318	419
319	300
320	1009
321	361
322	364
323	584
324	380
325	343
326	298
327	296
328	337
329	291
330	410
331	284
332	297
333	342
334	300
335	259
336	373
337	301
338	292
339	279
340	305
341	261
342	325
343	236
344	285
345	319
346	253
347	279
348	334
349	280
350	302
351	309
352	259
353	255
354	292
355	251
356	235
357	276
358	262
359	233
360	489
361	225
362	217
363	248
364	272
365	218
366	277
367	232
368	214
369	251
370	285
371	205
372	303
373	240
374	229
375	236
376	237
377	225
378	341
379	207
380	241
381	211
382	211
383	187
384	314
385	206
386	199
387	231
388	194
389	176
390	400
391	189
392	200
393	217
394	201
395	203
396	235
397	206
398	191
399	210
400	414
401	164
402	225
403	198
404	205
405	211
406	191
407	164
408	205
409	146
410	192
411	216
412	295
413	147
414	222
415	167
416	163
417	178
418	168
419	160
420	273
421	191
422	167
423	177
424	135
425	148
426	197
427	132
428	166
429	153
430	166
431	136
432	166
433	128
434	145
435	170
436	144
437	141
438	173
439	125
440	202
441	154
442	180
443	212
444	174
445	136
446	130
447	158
448	187
449	119
450	177
451	132
452	127
453	143
454	130
455	144
456	172
457	124
458	120
459	142
460	146
461	126
462	148
463	103
464	116
465	201
466	168
467	122
468	168
469	117
470	128
471	126
472	123
473	104
474	143
475	101
476	142
477	126
478	97
479	112
480	189
481	137
482	94
483	110
484	284
485	103
486	117
487	101
488	107
489	121
490	126
491	107
492	166
493	129
494	115
495	114
496	114
497	78
498	100
499	88
500	110
501	96
502	109
503	101
504	205
505	72
506	88
507	113
508	112
509	83
510	113
511	102
512	117
513	107
514	111
515	161
516	116
517	77
518	110
519	104
520	134
521	71
522	132
523	80
524	95
525	89
526	80
527	63
528	133
529	57
530	112
531	111
532	139
533	87
534	107
535	71
536	98
537	90
538	81
539	66
540	151
541	67
542	84
543	89
544	68
545	576
546	111
547	63
548	101
549	72
550	377
551	79
552	97
553	70
554	70
555	270
556	70
557	65
558	88
559	87
560	2991
561	91
562	74
563	55
564	110
565	847
566	72
567	77
568	78
569	68
570	286
571	65
572	87
573	73
574	139
575	1777
576	97
577	58
578	67
579	66
580	3964
581	73
582	76
583	53
584	68
585	662
586	60
587	67
588	125
589	42
590	1295
591	61
592	46
593	52
594	78
595	1083
596	60
597	70
598	58
599	67
600	2425
601	55
602	71
603	82
604	57
605	1582
606	85
607	53
608	77
609	57
610	4719
611	52
612	80
613	63
614	43
615	5756
616	302
617	51
618	75
619	55
620	6125
621	58
622	57
623	51
624	94
625	6085
626	54
627	1243
628	61
629	53
630	3736
631	44
632	43
633	69
634	57
635	9682
636	69
637	53
638	48
639	52
640	7837
641	46
642	61
643	39
644	186
645	2800
646	50
647	43
648	67
649	42
650	6205
651	57
652	64
653	58
654	1067
655	6154
656	48
657	46
658	114
659	34
660	10298
661	45
662	38
663	57
664	49
665	11121
666	1378
667	49
668	45
669	196
670	6655
671	45
672	1746
673	44
674	47
675	8024
676	44
677	31
678	6777
679	51
680	7611
681	42
682	47
683	43
684	2853
685	6318
686	64
687	41
688	37
689	39
690	9649
691	47
692	44
693	59
694	24
695	9148
696	6679
697	45
698	39
699	32
700	10148
701	31
702	2479
703	37
704	45
705	5372
706	34
707	39
708	4800
709	37
710	5313
711	35
712	36
713	39
714	8024
715	5855
716	24
717	68
718	31
719	30
720	14761
721	28
722	33
723	43
724	32
725	10020
726	13517
727	34
728	148
729	26
730	5824
731	28
732	13391
733	27
734	34
735	4771
736	42
737	23
738	10831
739	21
740	2746
741	41
742	127
743	17
744	13304
745	3570
746	35
747	42
748	37
749	34
750	18866
751	30
752	21
753	52
754	41
755	4804
756	24588
757	29
758	38
759	38
760	6546
761	32
762	21884
763	28
764	29
765	4672
766	23
767	32
768	16248
769	28
770	5245
771	34
772	28
773	28
774	14403
775	2489
776	35
777	29
778	30
779	22
780	27175
781	33
782	37
783	32
784	50
785	769
786	20920
787	27
788	22
789	41
790	387
791	20
792	28513
793	18
794	21
795	636
796	28
797	30
798	27965
799	18
800	312
801	25
802	31
803	304
804	36569
805	439
806	29
807	32
808	29
809	14
810	29904
811	20
812	76
813	28
814	29
815	209
816	26971
817	22
818	21
819	20
820	195
821	30
822	20753
823	17
824	27
825	24
826	38
827	19
828	30732
829	19
830	29
831	32
832	32
833	19
834	26908
835	14
836	45
837	23
838	28
839	25
840	27464
841	24
842	20
843	22
844	20
845	71
846	30080
847	17
848	24
849	34
850	284
851	24
852	20884
853	23
854	34
855	22
856	19
857	25
858	27416
859	20
860	446
861	29
862	17
863	22
864	26290
865	21
866	22
867	29
868	52
869	14
870	20362
871	8
872	13
873	19
874	14
875	18
876	31401
877	16
878	15
879	33
880	23
881	13
882	19279
883	13
884	21
885	23
886	17
887	19
888	15317
889	20
890	20
891	19
892	18
893	22
894	17478
895	15
896	62
897	23
898	14
899	29
900	17615
901	19
902	10
903	19
904	23
905	11
906	13240
907	12
908	32
909	24
910	70
911	10
912	5198
913	14
914	17
915	18
916	24
917	16
918	16374
919	13
920	24
921	18
922	24
923	23
924	8733
925	15
926	9
927	12
928	25
929	11
930	5059
931	17
932	31
933	17
934	18
935	15
936	8128
937	18
938	28
939	13
940	22
941	18
942	9785
943	16
944	17
945	36
946	14
947	20
948	4198
949	16
950	19
951	20
952	42
953	23
954	3906
955	23
956	23
957	22
958	11
959	11
960	4264
961	15
962	16
963	22
964	22
965	14
966	5620
967	25
968	17
969	10
970	15
971	16
972	30
973	12
974	13
975	21
976	23
977	15
978	1321
979	19
980	115
981	28
982	12
983	16
984	1346
985	17
986	16
987	18
988	15
989	8
990	30
991	21
992	17
993	15
994	66
995	16
996	17
997	11
998	20
999	23
1000	16
1001	17
1002	14
1003	16
1004	20
1005	22
1006	9
1007	25
1008	253
1009	777
1010	1196
1011	79
1012	6
1013	10
1014	1476
1015	5
1016	12
1017	18
1018	8
1019	7
1020	1266
1021	9
1022	28
1023	8
1024	14
1025	7
1026	18
1027	8
1028	11
1029	16
1030	15
1031	8
1032	1097
1033	9
1034	8
1035	13
1036	40
1037	7
1038	8
1039	5
1040	12
1041	14
1042	5
1043	5
1044	10
1045	125
1046	6
1047	16
1048	7
1049	13
1050	24
1051	1
1052	6
1053	11
1054	3
1055	1
1056	11
1057	2
1058	9
1059	10
1060	10
1061	11
1062	1510
1063	4
1064	70
1065	6
1066	7
1067	5
1068	17
1069	2
1070	11
1071	10
1072	10
1073	7
1074	13
1075	6
1076	2
1077	12
1078	69
1079	9
1080	1338
1081	5
1082	8
1083	4
1084	9
1085	7
1086	10
1087	9
1088	13
1089	4
1090	11
1091	4
1092	41
1093	7
1094	8
1095	8
1096	11
1097	6
1098	10
1099	8
1100	6
1101	7
1102	4
1103	9
1104	12
1105	10
1106	48
1107	12
1108	9
1109	5
1110	9
1111	3
1112	7
1113	3
1114	5
1115	4
1116	10
1117	8
1118	5
1119	1
1120	19
1121	4
1122	9
1123	5
1124	11
1125	6
1126	7
1127	4
1128	8
1129	4
1130	13
1131	12
1132	6
1133	1
1134	16
1135	5
1136	9
1137	4
1138	2
1139	2
1140	14
1141	5
1142	8
1143	6
1144	18
1145	7
1146	4
1147	3
1148	20
1149	5
1150	8
1151	6
1152	16
1153	3
1154	7
1155	6
1156	5
1157	5
1158	10
1159	3
1160	6
1161	5
1162	16
1163	3
1164	3
1165	4
1166	4
1167	9
1168	4
1169	3
1170	13
1171	4
1172	7
1173	5
1174	7
1175	9
1176	29
1177	4
1178	6
1179	5
1180	6
1181	4
1182	5
1183	6
1184	5
1185	12
1186	6
1187	3
1188	9
1189	4
1190	57
1191	6
1192	8
1193	7
1194	5
1195	4
1196	3
1197	13
1198	8
1199	3
1200	18
1201	2
1202	1
1203	2
1204	30
1205	4
1206	9
1207	12
1208	5
1209	13
1210	7
1211	5
1212	8
1213	3
1214	3
1215	10
1216	7
1217	7
1218	8
1219	2
1220	8
1221	8
1222	8
1223	4
1224	15
1225	4
1226	2
1227	7
1228	4
1229	2
1230	5
1231	1
1232	38
1233	5
1234	1
1235	7
1236	8
1237	3
1238	3
1239	9
1240	11
1241	5
1242	7
1243	4
1244	4
1245	4
1246	33
1247	5
1248	10
1249	2
1250	2
1251	8
1252	4
1253	3
1254	64
1255	4
1256	6
1257	5
1258	3
1259	3
1260	21
1261	2
1262	3
1263	2
1264	6
1265	2
1266	6
1267	7
1268	4
1269	5
1270	8
1271	4
1272	8
1273	4
1274	19
1275	6
1276	6
1277	6
1278	9
1279	1
1280	10
1281	5
1282	3
1283	4
1284	11
1285	4
1286	8
1287	4
1288	15
1289	3
1290	12
1291	5
1292	9
1293	4
1294	5
1295	4
1296	11
1297	7
1298	7
1299	6
1300	7
1301	2
1302	31
1303	1
1304	6
1305	7
1306	1
1307	3
1308	11
1309	1
1310	4
1311	7
1312	3
1313	5
1314	1
1315	2
1316	18
1317	4
1318	2
1319	3
1320	13
1321	6
1322	2
1323	7
1324	2
1325	1
1326	4
1327	2
1328	9
1329	3
1330	24
1331	3
1332	5
1333	1
1334	3
1335	4
1336	4
1337	2
1338	6
1339	6
1340	8
1341	10
1342	5
1343	2
1344	58
1345	1
1346	4
1347	8
1348	5
1349	2
1350	3
1351	2
1352	4
1353	6
1354	2
1355	4
1356	4
1357	4
1358	11
1359	2
1360	6
1361	2
1362	6
1363	4
1364	3
1365	6
1366	8
1367	1
1368	11
1369	1
1370	7
1371	6
1372	19
1373	3
1374	4
1375	3
1376	3
1377	5
1378	4
1379	4
1380	7
1381	2
1382	2
1383	8
1384	1
1385	2
1386	37
1387	4
1388	6
1389	2
1390	4
1391	5
1392	10
1393	1
1394	4
1395	4
1396	7
1397	4
1398	10
1399	1
1400	117
1401	5
1402	8
1403	3
1404	10
1405	3
1406	3
1407	4
1408	7
1409	5
1410	1
1411	2
1412	6
1413	3
1414	129
1416	5
1417	12
1418	2
1419	4
1420	5
1421	2
1422	4
1423	3
1424	7
1425	4
1426	2
1427	5
1428	29
1429	1
1430	3
1431	4
1432	4
1433	3
1434	5
1435	3
1436	2
1437	6
1438	3
1439	2
1440	5
1441	3
1442	18
1443	7
1444	5
1445	6
1446	5
1447	4
1448	4
1449	2
1450	2
1451	2
1452	11
1454	5
1455	7
1456	15
1457	3
1458	7
1460	4
1461	6
1462	7
1463	8
1464	8
1465	5
1466	1
1467	5
1468	4
1469	1
1470	50
1471	1
1472	5
1473	3
1474	6
1475	3
1476	10
1477	7
1478	3
1479	4
1480	6
1481	2
1482	5
1483	3
1484	36
1485	6
1486	1
1487	3
1488	8
1490	4
1491	6
1492	5
1493	4
1494	7
1495	8
1496	10
1497	2
1498	21
1499	7
1500	5
1501	8
1502	4
1503	1
1504	4
1505	1
1506	3
1507	3
1508	4
1509	2
1510	3
1511	2
1512	39
1513	2
1514	2
1515	7
1516	2
1517	2
1518	10
1519	3
1520	5
1521	3
1522	1
1523	2
1524	2
1525	1
1526	31
1527	5
1528	3
1529	1
1530	4
1531	1
1532	4
1533	3
1534	5
1535	6
1536	4
1537	10
1538	2
1539	4
1540	35
1541	6
1542	5
1543	2
1544	3
1545	4
1546	4
1547	3
1548	2
1549	8
1550	5
1551	2
1552	5
1553	4
1554	38
1555	6
1556	10
1557	2
1558	10
1559	2
1560	6
1561	4
1562	6
1563	3
1564	3
1565	3
1566	3
1567	2
1568	54
1569	5
1570	10
1571	2
1572	4
1574	4
1575	3
1576	3
1577	4
1578	3
1579	2
1580	6
1581	1
1582	4
1583	1
1584	8
1585	4
1586	4
1587	7
1588	4
1589	5
1590	7
1591	2
1592	4
1593	3
1595	8
1596	6
1597	4
1598	2
1599	3
1600	4
1601	5
1602	7
1603	6
1604	5
1605	2
1606	115
1607	4
1608	3
1610	4
1611	4
1612	1
1613	3
1614	5
1615	3
1616	3
1617	4
1619	7
1620	4
1621	2
1622	3
1623	2
1624	13
1625	6
1626	5
1627	5
1628	3
1629	2
1630	6
1631	5
1632	10
1633	2
1634	4
1635	1
1636	3
1637	3
1638	32
1640	3
1641	7
1642	3
1643	3
1644	3
1645	4
1646	2
1647	3
1648	2
1649	2
1650	5
1651	1
1652	20
1653	2
1654	4
1655	1
1656	5
1657	1
1658	1
1659	4
1660	2
1661	3
1662	5
1663	1
1664	7
1665	7
1666	23
1667	4
1668	5
1669	1
1670	5
1671	3
1672	11
1673	4
1674	2
1675	7
1676	2
1677	4
1678	2
1679	7
1680	41
1681	1
1682	4
1683	3
1684	6
1685	2
1686	7
1687	1
1688	1
1689	2
1690	6
1691	2
1692	9
1693	3
1694	10
1695	1
1696	4
1697	5
1698	4
1699	3
1700	9
1701	4
1702	6
1703	4
1704	3
1705	5
1707	3
1708	28
1709	3
1710	2
1711	3
1712	5
1713	2
1714	3
1716	4
1717	6
1718	3
1719	2
1720	2
1721	4
1722	22
1723	1
1724	1
1725	4
1726	3
1727	3
1728	4
1729	2
1730	8
1732	4
1733	9
1734	4
1735	2
1736	138
1737	3
1738	3
1739	3
1740	7
1741	4
1742	3
1743	2
1744	7
1745	1
1746	2
1747	6
1748	4
1749	4
1750	7
1751	1
1752	2
1753	4
1755	5
1756	1
1757	1
1758	2
1759	3
1760	7
1761	3
1762	1
1763	1
1764	7
1765	3
1766	2
1767	5
1768	2
1769	1
1770	3
1771	2
1773	3
1774	1
1775	1
1776	7
1778	28
1779	3
1780	2
1781	1
1782	4
1784	1
1785	5
1786	2
1787	1
1788	4
1789	2
1790	3
1791	6
1792	40
1793	3
1794	2
1795	1
1796	3
1797	5
1798	1
1799	2
1800	4
1801	6
1802	2
1803	2
1805	3
1806	74
1808	1
1810	4
1811	5
1812	9
1813	4
1814	2
1815	3
1816	1
1817	2
1818	9
1819	1
1820	19
1821	2
1822	2
1823	1
1824	3
1825	5
1826	4
1827	3
1828	5
1829	1
1830	6
1831	3
1832	1
1833	6
1834	22
1835	4
1836	5
1837	3
1838	2
1840	5
1841	2
1842	2
1844	4
1845	3
1846	1
1847	1
1848	9
1849	1
1850	5
1851	1
1852	4
1853	1
1854	1
1855	1
1856	1
1858	1
1860	1
1861	2
1862	27
1863	2
1864	3
1865	1
1867	1
1868	4
1869	1
1870	6
1872	4
1873	3
1874	3
1875	3
1876	11
1877	4
1878	6
1880	2
1881	1
1882	3
1883	2
1884	3
1885	3
1886	4
1887	2
1888	3
1889	3
1890	25
1891	11
1892	5
1893	2
1894	3
1895	1
1896	1
1897	4
1898	3
1899	3
1900	4
1901	3
1902	4
1903	3
1904	1
1905	1
1907	1
1908	3
1909	4
1910	3
1911	2
1912	2
1913	5
1914	2
1915	3
1916	2
1917	3
1918	4
1919	3
1920	6
1922	1
1923	1
1924	3
1926	1
1928	2
1929	3
1930	2
1932	30
1934	1
1936	2
1937	4
1938	5
1939	2
1940	1
1941	5
1942	3
1943	2
1944	5
1945	1
1946	19
1947	6
1948	1
1949	2
1950	3
1951	1
1952	5
1953	5
1956	2
1957	3
1958	4
1959	2
1960	14
1961	1
1962	3
1963	4
1965	5
1966	2
1967	1
1968	1
1969	2
1971	1
1972	3
1974	34
1975	1
1976	1
1977	2
1978	3
1979	1
1980	3
1981	1
1982	1
1983	7
1985	3
1987	4
1988	11
1989	2
1990	4
1991	2
1992	3
1995	4
1996	2
1998	4
1999	1
2000	10
2001	5
2002	27
2003	2
2004	2
2005	1
2006	1
2007	2
2008	1
2010	1
2011	1
2012	3
2013	3
2014	2
2015	2
2016	20
2017	1
2019	1
2020	5
2021	4
2022	5
2025	5
2027	2
2028	7
2029	3
2030	12
2031	1
2032	4
2034	4
2035	1
2036	2
2037	5
2039	1
2040	5
2041	2
2042	4
2043	1
2044	29
2045	2
2046	2
2047	2
2048	1
2049	2
2050	2
2051	3
2054	1
2055	5
2057	1
2058	33
2059	1
2060	2
2061	2
2063	3
2064	2
2065	1
2066	4
2067	1
2068	1
2069	1
2070	2
2071	4
2072	57
2074	2
2076	4
2077	2
2079	3
2080	3
2081	5
2082	3
2083	1
2084	2
2085	3
2086	46
2087	3
2088	2
2090	4
2091	2
2092	1
2093	1
2094	5
2095	2
2096	2
2097	4
2100	20
2101	3
2102	1
2103	2
2105	2
2106	1
2107	5
2108	1
2109	1
2110	1
2111	2
2112	1
2113	3
2114	20
2116	4
2117	2
2118	3
2119	2
2120	2
2121	3
2122	5
2123	1
2124	4
2125	1
2127	5
2128	37
2129	1
2130	5
2131	2
2132	6
2133	3
2134	5
2135	2
2136	2
2137	4
2138	4
2139	3
2140	6
2141	2
2142	13
2143	4
2144	1
2145	1
2146	3
2147	4
2148	5
2150	2
2151	4
2152	2
2153	4
2154	2
2155	5
2156	7
2157	3
2158	2
2159	2
2160	4
2161	2
2162	4
2163	4
2164	4
2165	3
2166	5
2167	3
2168	1
2169	2
2170	3
2171	3
2172	5
2174	3
2175	2
2176	2
2178	1
2179	3
2180	4
2181	1
2182	1
2183	1
2184	41
2185	2
2186	2
2187	1
2189	1
2190	2
2192	4
2193	2
2195	2
2196	1
2197	1
2198	4
2199	2
2200	2
2201	3
2202	1
2203	2
2205	1
2206	3
2207	3
2208	1
2209	1
2210	3
2211	2
2212	56
2213	1
2214	3
2216	1
2217	2
2219	2
2220	5
2221	1
2222	1
2223	3
2224	3
2226	63
2227	2
2228	2
2229	1
2232	4
2236	5
2237	1
2238	7
2240	32
2241	1
2242	2
2244	9
2245	1
2246	1
2247	3
2248	3
2250	2
2251	1
2252	3
2253	1
2254	28
2256	6
2257	3
2260	2
2261	5
2262	3
2263	1
2264	3
2265	3
2266	2
2267	2
2268	12
2269	1
2270	5
2271	2
2272	2
2274	3
2275	1
2277	1
2278	4
2279	2
2280	5
2282	25
2284	1
2286	2
2287	1
2289	2
2290	1
2292	1
2293	1
2294	2
2296	25
2297	2
2298	4
2299	6
2300	1
2302	1
2303	1
2304	4
2306	1
2307	3
2308	1
2310	8
2312	1
2317	1
2318	1
2321	2
2322	3
2323	2
2324	9
2325	2
2327	1
2328	1
2330	3
2334	3
2338	5
2339	1
2340	4
2341	2
2342	2
2343	1
2344	1
2346	3
2348	1
2349	1
2350	1
2352	5
2354	1
2356	1
2357	1
2358	3
2359	1
2361	1
2362	1
2364	1
2365	4
2366	7
2367	1
2368	2
2370	3
2373	2
2375	1
2376	5
2378	3
2380	28
2381	2
2382	1
2384	1
2385	3
2387	2
2388	2
2389	1
2390	2
2391	2
2392	1
2394	2
2395	2
2396	3
2400	5
2402	1
2403	2
2404	2
2405	2
2406	1
2407	2
2408	28
2409	1
2410	2
2411	3
2415	1
2416	2
2417	4
2418	2
2419	1
2420	3
2422	32
2424	1
2427	2
2429	3
2430	5
2431	2
2432	3
2433	2
2435	1
2436	26
2437	1
2438	2
2439	1
2440	3
2441	1
2442	2
2443	1
2444	2
2445	2
2446	1
2449	1
2450	88
2453	1
2454	2
2456	1
2457	1
2458	1
2460	1
2463	1
2464	17
2466	1
2467	2
2468	2
2470	3
2472	3
2474	1
2475	1
2476	2
2478	17
2479	1
2480	6
2481	1
2483	2
2484	5
2485	1
2486	1
2490	2
2492	2
2493	3
2495	1
2496	1
2497	1
2500	4
2503	1
2505	5
2506	35
2508	6
2509	1
2510	1
2511	1
2512	1
2513	1
2514	1
2515	5
2517	2
2519	2
2520	26
2522	1
2523	1
2524	2
2525	2
2526	3
2527	1
2528	1
2529	1
2530	3
2532	1
2534	17
2535	3
2536	2
2537	1
2538	1
2540	2
2541	3
2543	1
2545	3
2546	2
2547	1
2548	107
2550	2
2551	1
2552	1
2554	2
2555	1
2556	2
2557	1
2558	4
2560	4
2561	1
2562	11
2565	2
2568	2
2570	2
2571	1
2573	1
2574	1
2576	12
2578	2
2579	1
2580	2
2581	2
2584	3
2585	1
2586	4
2587	4
2590	34
2591	4
2592	4
2593	1
2595	1
2596	1
2600	3
2601	1
2603	3
2604	13
2605	1
2608	1
2609	1
2610	1
2613	4
2614	2
2616	4
2617	1
2618	8
2624	2
2625	3
2626	1
2627	1
2628	4
2629	1
2630	1
2632	5
2633	2
2635	1
2638	1
2639	1
2640	1
2641	1
2642	4
2644	2
2645	1
2646	75
2650	2
2655	1
2656	3
2657	1
2660	4
2663	3
2667	2
2671	1
2672	1
2674	30
2676	1
2677	1
2681	1
2682	1
2683	1
2684	1
2685	1
2688	8
2689	1
2690	2
2692	3
2693	1
2695	2
2696	1
2697	1
2698	2
2700	5
2702	1
2703	3
2706	1
2708	2
2712	2
2716	4
2717	1
2720	2
2723	2
2724	1
2726	1
2727	2
2728	2
2730	16
2732	1
2736	2
2738	1
2739	3
2743	1
2744	3
2745	1
2748	3
2749	2
2750	2
2752	5
2753	1
2754	2
2757	2
2758	82
2759	1
2760	4
2761	1
2762	1
2763	2
2764	2
2765	1
2766	1
2768	1
2769	2
2772	26
2773	1
2774	1
2775	2
2777	1
2778	1
2781	3
2784	1
2785	2
2788	3
2792	2
2793	3
2795	1
2796	1
2799	2
2800	2
2801	1
2805	2
2807	1
2808	1
2809	1
2810	1
2813	1
2814	2
2815	2
2817	3
2818	1
2820	3
2821	1
2822	1
2823	1
2825	1
2829	1
2830	1
2831	1
2832	3
2833	2
2835	3
2836	1
2838	3
2839	1
2840	1
2841	1
2842	3
2847	1
2850	1
2852	2
2853	2
2856	3
2859	1
2864	2
2866	1
2867	2
2869	1
2870	2
2871	1
2872	1
2873	1
2874	2
2875	1
2877	1
2878	2
2880	2
2884	1
2885	1
2887	1
2888	1
2891	1
2892	4
2895	1
2896	1
2898	5
2900	1
2907	2
2910	4
2911	1
2915	1
2916	1
2919	1
2921	1
2922	3
2923	3
2925	3
2926	3
2927	2
2928	4
2929	1
2930	1
2932	1
2933	1
2934	2
2936	1
2939	1
2940	2
2941	1
2943	5
2946	1
2947	1
2949	1
2950	2
2951	1
2952	1
2953	1
2954	2
2955	3
2956	1
2957	2
2961	3
2964	1
2972	1
2973	1
2975	2
2978	1
2980	3
2985	1
2986	1
2988	7
2990	1
2991	3
2994	1
2995	1
2996	2
2998	1
3000	3
3001	1
3003	1
3005	1
3010	1
3012	3
3014	2
3015	3
3016	1
3020	1
3021	1
3022	1
3024	1
3027	3
3029	3
3030	2
3036	2
3039	2
3040	2
3042	1
3043	2
3045	2
3047	2
3048	2
3049	1
3052	3
3053	1
3058	3
3059	1
3060	1
3062	2
3063	1
3066	1
3075	3
3080	3
3082	1
3083	2
3086	1
3087	1
3088	1
3089	1
3090	1
3092	1
3098	1
3101	2
3104	1
3105	1
3111	1
3114	1
3116	2
3117	1
3119	1
3120	5
3121	1
3122	2
3124	2
3129	1
3130	1
3132	2
3134	1
3136	1
3141	2
3145	1
3151	1
3152	2
3156	4
3157	1
3169	2
3172	1
3173	1
3177	1
3180	2
3182	1
3183	1
3186	2
3192	1
3195	1
3197	2
3198	4
3199	1
3200	1
3201	3
3202	3
3204	1
3210	1
3211	2
3215	1
3218	1
3220	1
3224	3
3230	2
3233	1
3234	2
3237	1
3239	1
3240	1
3245	1
3246	2
3250	2
3256	1
3258	1
3260	1
3263	2
3264	2
3269	1
3270	1
3272	1
3276	2
3277	1
3278	1
3279	2
3280	3
3282	1
3283	2
3285	1
3287	1
3290	2
3291	1
3297	2
3299	1
3300	1
3302	3
3304	1
3307	1
3309	1
3312	2
3318	1
3320	3
3324	1
3327	1
3328	1
3329	1
3330	5
3335	1
3336	2
3337	2
3340	2
3342	1
3344	1
3350	1
3360	4
3363	7
3367	1
3370	1
3372	1
3373	1
3377	2
3378	1
3380	1
3390	1
3391	1
3392	2
3393	1
3396	1
3402	1
3404	1
3408	1
3410	1
3411	1
3412	1
3414	1
3416	2
3419	1
3420	3
3424	1
3426	1
3427	1
3428	1
3429	1
3435	1
3440	1
3441	1
3442	1
3444	3
3445	1
3447	3
3448	3
3449	3
3450	1
3454	2
3462	2
3463	1
3464	1
3466	3
3467	1
3468	1
3470	1
3474	1
3475	1
3479	1
3480	1
3483	1
3485	1
3488	1
3490	2
3491	2
3493	1
3494	1
3496	3
3502	1
3504	2
3506	1
3507	1
3508	1
3516	4
3522	2
3525	2
3526	1
3527	1
3528	1
3532	2
3533	1
3536	4
3540	4
3543	1
3548	3
3549	1
3553	1
3554	1
3556	1
3562	2
3563	1
3565	1
3568	1
3570	4
3577	1
3579	1
3584	2
3586	2
3589	1
3591	3
3596	1
3599	3
3600	3
3601	2
3610	1
3615	1
3621	2
3625	1
3628	2
3630	1
3631	1
3632	1
3635	2
3637	2
3647	1
3650	1
3652	1
3653	1
3654	1
3660	2
3662	1
3663	1
3666	2
3667	1
3670	1
3672	3
3673	2
3675	1
3682	1
3683	1
3687	1
3689	3
3690	1
3691	1
3694	1
3695	1
3696	1
3698	1
3704	1
3706	1
3711	1
3718	1
3720	3
3724	1
3725	1
3728	1
3735	1
3736	1
3738	1
3740	3
3742	1
3743	1
3746	1
3748	2
3750	1
3752	1
3753	1
3757	1
3760	1
3762	3
3763	1
3770	1
3772	2
3774	1
3775	1
3776	6
3778	3
3780	2
3782	4
3783	1
3784	1
3791	1
3795	2
3796	2
3800	1
3807	1
3818	1
3822	1
3823	1
3825	1
3834	1
3837	3
3844	2
3846	1
3851	1
3855	2
3856	2
3857	1
3860	1
3862	6
3872	1
3875	3
3884	1
3888	1
3900	1
3906	5
3920	1
3922	1
3929	2
3930	2
3935	1
3936	1
3940	2
3942	1
3945	2
3949	1
3950	1
3952	1
3954	1
3958	1
3961	1
3963	1
3968	3
3971	1
3974	2
3976	1
3977	1
3978	1
3979	2
3980	2
3993	2
3994	1
3995	2
3999	1
4004	2
4008	3
4010	1
4014	1
4017	1
4018	1
4020	1
4025	1
4026	2
4030	2
4032	1
4037	1
4040	2
4042	1
4046	1
4050	1
4052	1
4054	1
4072	2
4080	1
4084	2
4094	1
4095	1
4098	5
4100	1
4104	2
4108	1
4122	1
4123	1
4128	1
4133	1
4139	1
4142	1
4146	2
4154	2
4156	1
4158	1
4160	1
4161	1
4169	1
4170	1
4177	1
4180	3
4181	1
4182	1
4184	1
4195	1
4202	1
4204	1
4210	1
4215	1
4216	1
4219	1
4222	1
4223	2
4232	1
4233	1
4236	2
4237	1
4240	1
4242	2
4248	1
4254	2
4259	1
4263	1
4264	1
4265	3
4271	2
4275	1
4276	1
4287	1
4292	1
4293	4
4294	1
4296	1
4297	1
4298	1
4299	1
4302	3
4304	2
4305	1
4309	1
4310	2
4314	1
4315	1
4316	1
4318	1
4323	1
4326	2
4328	1
4330	1
4342	1
4347	1
4357	1
4358	1
4360	1
4361	1
4363	1
4368	1
4372	1
4375	1
4379	1
4380	4
4389	2
4392	1
4394	1
4399	1
4400	1
4404	3
4410	1
4412	1
4416	1
4421	1
4423	2
4424	2
4427	1
4428	1
4431	1
4432	1
4442	1
4444	2
4447	1
4448	1
4453	2
4459	1
4460	1
4464	1
4468	1
4469	1
4470	1
4472	2
4475	1
4485	1
4488	1
4490	1
4493	1
4494	2
4497	2
4500	1
4507	1
4508	1
4511	1
4514	1
4516	2
4518	1
4520	2
4522	1
4523	1
4524	1
4530	1
4531	1
4544	1
4550	2
4554	1
4556	1
4559	1
4560	1
4563	1
4569	3
4575	1
4582	1
4587	2
4599	1
4623	3
4630	2
4638	1
4646	2
4650	1
4651	2
4653	2
4656	1
4657	2
4663	1
4667	2
4671	1
4679	1
4683	1
4684	1
4685	1
4689	1
4692	2
4698	1
4699	1
4700	1
4710	2
4722	2
4724	1
4725	1
4728	1
4732	1
4743	1
4752	1
4754	2
4764	1
4784	1
4786	1
4791	1
4792	1
4794	1
4795	1
4796	2
4800	1
4809	1
4814	1
4827	1
4836	1
4849	1
4854	1
4857	1
4859	2
4860	1
4883	1
4894	1
4895	1
4896	1
4899	2
4905	1
4912	1
4916	1
4919	1
4920	2
4922	1
4924	1
4928	1
4930	2
4933	1
4935	2
4939	1
4950	3
4951	1
4968	2
4971	2
4974	1
4975	1
4977	2
4983	1
4984	1
4986	2
4988	1
4994	1
4995	1
5002	1
5008	1
5010	1
5018	1
5020	2
5025	1
5028	1
5030	2
5036	1
5037	3
5038	1
5047	1
5055	1
5056	1
5066	1
5069	1
5070	1
5071	1
5076	1
5077	1
5080	3
5082	1
5084	1
5085	1
5087	1
5096	1
5110	1
5112	2
5116	1
5130	1
5133	1
5136	1
5139	1
5140	1
5147	1
5149	1
5160	1
5170	1
5172	2
5176	1
5178	1
5189	2
5190	2
5192	1
5193	1
5196	2
5211	1
5216	1
5223	1
5232	2
5240	1
5253	2
5255	1
5265	1
5278	1
5280	1
5286	1
5294	1
5302	1
5305	2
5307	1
5319	1
5331	1
5337	1
5340	1
5341	1
5355	1
5356	1
5357	1
5372	1
5376	1
5377	1
5380	1
5382	4
5384	1
5392	1
5400	1
5410	1
5412	1
5420	1
5430	1
5436	1
5440	1
5448	3
5449	1
5451	1
5467	1
5469	1
5470	1
5478	1
5480	1
5481	1
5484	1
5488	1
5491	1
5496	2
5500	1
5501	1
5511	1
5516	1
5517	1
5520	2
5535	2
5544	1
5557	1
5561	1
5568	1
5586	1
5590	2
5592	1
5604	1
5612	1
5615	1
5618	1
5624	1
5626	1
5636	1
5637	1
5650	1
5653	2
5658	1
5664	1
5668	1
5671	1
5673	1
5688	1
5703	1
5705	1
5716	1
5720	1
5751	1
5756	1
5764	2
5768	3
5770	2
5777	1
5778	1
5780	2
5792	1
5796	3
5798	1
5813	1
5816	1
5818	1
5829	1
5832	1
5837	1
5840	1
5860	1
5868	1
5888	1
5889	1
5896	1
5904	3
5916	2
5927	1
5928	1
5943	2
5945	1
5948	1
5957	1
5964	1
5969	1
5985	1
5993	1
5995	2
6010	1
6018	1
6020	1
6035	1
6040	1
6042	1
6043	1
6045	2
6053	1
6075	1
6079	1
6080	1
6096	2
6099	1
6120	1
6123	2
6126	1
6141	1
6144	1
6145	1
6150	1
6153	1
6164	2
6165	1
6168	2
6199	1
6210	1
6239	1
6246	1
6260	1
6266	1
6268	1
6307	1
6356	1
6366	1
6375	1
6402	1
6405	1
6411	1
6425	1
6448	1
6455	1
6458	1
6500	1
6519	1
6529	1
6541	1
6545	1
6552	1
6553	1
6570	1
6576	1
6586	1
6591	1
6594	2
6603	1
6606	1
6634	1
6637	1
6640	1
6648	1
6652	1
6660	3
6664	1
6670	1
6704	1
6716	1
6723	1
6729	1
6744	1
6746	1
6748	1
6749	1
6750	1
6786	1
6790	1
6800	1
6810	2
6834	1
6837	2
6839	1
6849	1
6852	2
6863	1
6864	3
6882	1
6888	2
6890	1
6903	1
6944	1
6960	1
6963	1
6984	1
7030	1
7050	2
7056	1
7078	1
7084	1
7092	1
7129	2
7140	2
7141	1
7168	1
7171	2
7174	1
7193	1
7196	1
7200	2
7215	1
7241	1
7245	1
7258	1
7266	1
7272	1
7284	2
7306	1
7328	1
7368	1
7391	1
7394	1
7448	6
7455	2
7459	1
7461	3
7464	1
7470	1
7480	1
7483	1
7510	1
7538	1
7551	1
7555	1
7557	1
7580	1
7600	2
7602	1
7612	1
7644	1
7668	1
7680	1
7686	1
7709	1
7711	1
7726	2
7731	2
7735	1
7756	1
7757	1
7760	1
7781	1
7813	2
7840	1
7848	1
7849	1
7866	1
7912	1
7914	1
7967	1
7989	2
8002	1
8031	1
8042	1
8064	1
8066	1
8085	1
8100	2
8109	1
8112	2
8118	1
8131	1
8145	1
8148	1
8184	1
8190	1
8196	1
8206	1
8213	1
8220	2
8226	1
8251	1
8274	2
8282	1
8293	1
8304	1
8352	1
8356	1
8372	1
8401	1
8410	1
8416	1
8422	1
8442	1
8446	1
8464	1
8480	1
8514	1
8526	1
8552	1
8602	1
8604	1
8624	1
8631	1
8632	2
8643	1
8672	1
8712	2
8723	2
8731	1
8789	1
8792	1
8801	1
8830	1
8880	1
8910	1
8929	2
8987	1
8990	1
8996	1
9027	1
9080	1
9120	1
9141	1
9169	1
9208	1
9229	1
9238	1
9294	1
9297	1
9315	1
9348	1
9400	1
9402	2
9432	1
9447	1
9456	2
9465	1
9492	1
9522	1
9546	1
9555	1
9571	1
9577	1
9585	1
9601	1
9625	2
9665	1
9700	2
9732	1
9752	1
9755	1
9831	1
9838	1
9844	1
9877	1
9879	1
9884	1
9885	1
9894	1
9910	1
9931	1
9934	1
9940	1
9946	2
9985	2
10035	1
10051	1
10080	1
10089	1
10096	1
10168	1
10218	1
10241	1
10269	2
10292	1
10322	1
10345	1
10437	1
10440	1
10496	1
10518	2
10528	1
10650	1
10658	1
10662	1
10677	1
10680	1
10743	1
10753	1
10783	2
10828	1
10872	1
10880	1
10912	1
10938	1
10989	1
11080	1
11165	1
11178	1
11215	1
11252	1
11260	1
11405	1
11411	1
11471	1
11476	1
11518	1
11532	1
11569	1
11570	1
11636	1
11778	1
11832	1
11886	1
11961	1
11970	1
12012	3793
12013	1
12015	15037
12016	2
12018	15309
12019	1
12020	1
12021	11484
12040	1
12064	2
12085	1
12090	1
12103	1
12144	1
12165	1
12171	1
12188	1
12236	2
12277	1
12465	1
12768	2
12860	1
12905	1
12928	1
12944	1
13020	1
13044	1
13090	1
13146	1
13240	1
13246	1
13552	1
13584	1
13590	1
13640	1
13650	1
13668	1
13941	1
13958	1
13972	2
14056	1
14144	1
14170	1
14180	2
14222	1
14409	1
14510	1
14570	1
14580	1
14600	1
14799	1
14895	1
14959	1
15065	1
15067	1
15150	1
15198	1
15220	1
15250	1
15251	1
15308	2
15348	1
15356	1
15411	1
15820	1
15838	1
15850	1
15884	1
15956	1
15957	1
15984	1
16112	1
16195	1
16310	1
16359	1
16425	2
16618	1
16623	1
16660	1
16680	1
16902	1
16923	1
17122	1
17199	1
17273	1
17360	1
17509	1
17538	1
17632	1
17655	1
17829	1
17838	2
17868	1
17910	1
17913	1
17950	1
17961	2
17992	1
18042	1
18064	1
18240	1
18270	1
18588	1
18590	1
18794	1
18840	1
18928	1
18940	1
19261	1
19372	1
19373	1
19463	1
19464	1
19523	1
19643	1
19734	1
19747	1
20103	1
20154	1
20424	1
20436	1
20612	1
20790	1
20880	1
20903	1
21034	1
21260	1
21272	1
21472	1
21608	1
21698	1
21780	1
21875	1
21927	1
21988	1
22282	1
22502	1
22539	1
22542	1
22544	1
22566	1
22605	1
22623	1
23175	1
23390	1
23631	2
23688	1
23690	2
23807	1
23873	1
23959	1
24242	2
24321	1
24374	1
24596	1
24744	1
24972	1
25059	1
25286	1
25358	1
25450	1
25713	1
26150	1
26420	1
26598	1
26664	1
26898	1
27321	1
27540	1
27544	1
28098	1
28188	1
28487	1
28562	1
28609	1
29541	1
30036	1
30111	1
31545	1
32112	1
32477	2
32860	1
33054	1
33085	1
33790	1
33850	1
34224	1
34506	1
35010	1
35072	1
35965	1
36480	1
37132	1
38775	1
39192	1
39461	1
40260	1
42534	1
42933	1
43521	1
44812	1
45332	1
45522	1
45820	1
48804	1
49368	1
50767	1
51653	1
53360	1
54016	1
54536	1
55380	1
55820	1
56577	1
60165	1
61255	1
62532	1
62599	1
63831	1
63915	1
64089	1
67006	1
68940	1
70528	1
71253	1
73062	1
73815	1
74700	1
75213	1
75300	1
75531	1
75885	1
77642	1
78222	1
82614	1
83631	1
84563	1
85353	1
89916	1
90047	1
90411	1
91314	1
92037	1
93125	1
93809	1
95205	1
95928	1
95965	1
100762	1
101365	1
102893	1
105321	1
109143	1
111976	1
115895	1
116030	1
125022	1
128052	1
135844	1
136990	1
138138	1
139485	1
155832	2
155834	1
175674	1
184973	1
236841	1
248626	1
255195	1
263141	1
263823	1
323828	1
351764	1
353625	1
589809	1
764528	1
1006296	1
